localist
626
20
8
5
23
15
13
1
14
20
8
9
14
11
19
20
8
5
2
15
25
19
23
9
13
19
20
8
5
2
15
25
5
1
20
19
20
8
5
2
15
25
19
23
9
13
19
20
8
5
23
15
13
1
14
5
1
20
19
1
6
9
19
8
23
1
12
11
19
1
2
9
18
4
23
1
12
11
19
1
4
15
7
10
21
13
16
1
2
9
18
4
16
12
1
25
19
1
3
1
20
5
1
20
19
1
4
15
7
23
1
12
11
19
1
2
9
18
4
23
1
12
11
19
1
2
9
18
4
23
1
12
11
19
1
2
9
18
4
16
12
1
25
19
1
4
15
7
10
21
13
16
1
3
1
20
5
1
20
19
1
6
9
19
8
5
1
20
19
1
3
1
20
16
12
1
25
19
1
4
15
7
5
1
20
19
20
8
5
7
9
18
12
5
1
20
19
20
8
5
23
15
13
1
14
20
1
12
11
19
20
8
5
2
15
25
20
8
9
14
11
19
20
8
5
7
9
18
12
19
23
9
13
19
20
8
5
13
1
14
20
8
9
14
11
19
20
8
5
2
15
25
20
8
9
14
11
19
20
8
5
13
1
14
20
1
12
11
19
20
8
5
7
9
18
12
20
1
12
11
19
20
8
5
2
15
25
20
8
9
14
11
19
20
8
5
13
1
14
5
1
20
19
20
8
5
23
15
13
1
14
19
23
9
13
19
20
8
5
23
15
13
1
14
19
23
9
13
19
20
8
5
2
15
25
5
1
20
19
20
8
5
23
15
13
1
14
20
8
9
14
11
19
20
8
5
2
15
25
20
8
9
14
11
19
20
8
5
2
15
25
19
23
9
13
19
20
8
5
2
15
25
20
1
12
11
19
20
8
5
2
15
25
5
1
20
19
20
8
5
13
1
14
20
8
9
14
11
19
20
8
5
2
15
25
19
23
9
13
19
20
8
5
7
9
18
12
20
8
9
14
11
19
20
8
5
2
15
25
20
1
12
11
19
1
3
1
20
5
1
20
19
1
3
1
20
5
1
20
19
27
1
6
9
19
8
23
1
12
11
19
20
8
5
2
15
25
20
1
12
11
19
20
8
5
7
9
18
12
5
1
20
19
20
8
5
2
15
25
20
8
9
14
11
19
20
8
5
23
15
13
1
14
20
8
9
14
11
19
20
8
5
13
1
14
20
8
9
14
11
19
20
8
5
13
1
14
5
1
20
19
20
8
5
13
1
14
20
8
9
14
11
19
20
8
5
2
15
25
19
23
9
13
19
20
8
5
23
15
13
1
14
5
1
20
19
20
8
5
2
15
25
20
1
12
11
19
20
8
5
23
15
13
1
14
20
1
12
11
19
20
8
5
23
15
13
1
14
20
8
9
14
11
19
20
8
5
7
9
18
12
19
23
9
13
19
27
